{
 "cells": [
  {
   "cell_type": "markdown",
   "metadata": {},
   "source": [
    "# TracyPy Introduction, Part 1"
   ]
  },
  {
   "cell_type": "markdown",
   "metadata": {},
   "source": [
    "**TracyPy** is a Python program for accelerator modeling and simulation studies. It is a very small subset of our full **Tracy** that was originally written in Pascal in late 1980's, ported to C++ in 90's, and recently to C#. The C++ version is also called **Goemon***.\n",
    "\n",
    "**TracyPy** is completely written in Python 2.7 by using the three major Python packages, **NumPy**, **SciPy** and **MatPlotLib** which you may know well already.\n",
    "\n",
    "**TracyPy** will be presented in 3 parts. \n",
    "\n",
    "1. Self-contained IPython Notebook (this document!)\n",
    "2. **TracyPy** Python Module\n",
    "3. IPython Notebook importing the **TracyPy** Python module.\n",
    "\n",
    "This is the part 1, a self-contained IPython Notebook. Starting with scratch, we take you to the level of creating a simple accelerator and simulating it.\n",
    "\n",
    "Hope this notebook helps your learning the accelerator physics.\n",
    "\n",
    "Author Info:\n",
    "\n",
    "Hiroshi Nishimura, H_Nishimura@lbl.gov, July 21, 2015.\n"
   ]
  },
  {
   "cell_type": "markdown",
   "metadata": {},
   "source": [
    "## Linear Algebra in Python"
   ]
  },
  {
   "cell_type": "markdown",
   "metadata": {},
   "source": [
    "We start with a very short introduction to **NumPy** as \n",
    "accelerator design, modeling and simulation studies use linear algebra intensively. As you may already know, **NumPy** provides **Array** and **Matrix** data types. ** NumPy Array** is a multi dimensional array type with the linear algebra functions. **NumPy Matrix** is inherently a 2-dim array that knows linear algebra much better than **NumPy Array** does. "
   ]
  },
  {
   "cell_type": "markdown",
   "metadata": {},
   "source": [
    "We start with our Python programming by importing as follows."
   ]
  },
  {
   "cell_type": "code",
   "execution_count": 1,
   "metadata": {
    "collapsed": false
   },
   "outputs": [],
   "source": [
    "%matplotlib inline\n",
    "import numpy as np\n",
    "import numpy.linalg as nla \n",
    "import math\n",
    "import matplotlib.pyplot as plt"
   ]
  },
  {
   "cell_type": "markdown",
   "metadata": {},
   "source": [
    "Let us see the difference between  **Array** and **Matrix** in case of the dot product. <BR>\n",
    "**Array** does matrix operations as follows. Notice that multiply by using ***** is for element by element. The dot function is for the normal matrix multiplication."
   ]
  },
  {
   "cell_type": "code",
   "execution_count": 2,
   "metadata": {
    "collapsed": false
   },
   "outputs": [
    {
     "name": "stdout",
     "output_type": "stream",
     "text": [
      "Array: A=\n",
      "[[1 2]\n",
      " [3 4]]\n",
      "Array: B=\n",
      "[[ 0  2]\n",
      " [-1  2]]\n",
      "Array: 2*A=\n",
      "[[2 4]\n",
      " [6 8]]\n",
      "Array: A+B=\n",
      "[[1 4]\n",
      " [2 6]]\n",
      "Array: A-2*B=\n",
      "[[2 2]\n",
      " [7 6]]\n",
      "Array: A*B=\n",
      "[[ 0  4]\n",
      " [-3  8]]\n",
      "Array: A.dot(B)=\n",
      "[[-2  6]\n",
      " [-4 14]]\n"
     ]
    }
   ],
   "source": [
    "A=np.array([[1,2],[3,4]])\n",
    "B=np.array([[0,2],[-1,2]])\n",
    "print \"Array: A=\\n\", A\n",
    "print \"Array: B=\\n\", B\n",
    "print \"Array: 2*A=\\n\",2*A\n",
    "print \"Array: A+B=\\n\",A+B\n",
    "print \"Array: A-2*B=\\n\",2*A-B\n",
    "print \"Array: A*B=\\n\",A*B\n",
    "print \"Array: A.dot(B)=\\n\",A.dot(B)"
   ]
  },
  {
   "cell_type": "markdown",
   "metadata": {},
   "source": [
    "On the other hand, **Matrix** behaves like **Matlab**."
   ]
  },
  {
   "cell_type": "code",
   "execution_count": 3,
   "metadata": {
    "collapsed": false
   },
   "outputs": [
    {
     "name": "stdout",
     "output_type": "stream",
     "text": [
      "Matrix: A=\n",
      "[[1 2]\n",
      " [3 4]]\n",
      "Matrix: B=\n",
      "[[ 0  2]\n",
      " [-1  2]]\n",
      "Matrix: 2*A=\n",
      "[[2 4]\n",
      " [6 8]]\n",
      "Matrix: A+B=\n",
      "[[1 4]\n",
      " [2 6]]\n",
      "Matrix: A-2*B=\n",
      "[[2 2]\n",
      " [7 6]]\n",
      "Matrix: A*B=\n",
      "[[-2  6]\n",
      " [-4 14]]\n"
     ]
    }
   ],
   "source": [
    "A=np.matrix([[1,2],[3,4]])\n",
    "B=np.matrix([[0,2],[-1,2]])\n",
    "print \"Matrix: A=\\n\", A\n",
    "print \"Matrix: B=\\n\", B\n",
    "print \"Matrix: 2*A=\\n\",2*A\n",
    "print \"Matrix: A+B=\\n\",A+B\n",
    "print \"Matrix: A-2*B=\\n\",2*A-B\n",
    "print \"Matrix: A*B=\\n\",A*B"
   ]
  },
  {
   "cell_type": "markdown",
   "metadata": {},
   "source": [
    "**NumPy** gives strong support for linear algabra. Let us see an example of **SVD**. <br>\n",
    "We first create 5x5 array/matrix named A that is filled with random numbers between 0 and 1. Then, apply **SVD** and invert A for testing."
   ]
  },
  {
   "cell_type": "code",
   "execution_count": 4,
   "metadata": {
    "collapsed": false
   },
   "outputs": [
    {
     "name": "stdout",
     "output_type": "stream",
     "text": [
      "A=\n",
      "[[ 0.28306458  0.07658402  0.31293499  0.56354196  0.17140261]\n",
      " [ 0.25816116  0.89781386  0.72152207  0.02936669  0.95237452]\n",
      " [ 0.77498882  0.23648083  0.06133071  0.97417071  0.50758651]\n",
      " [ 0.34677553  0.88272498  0.16446759  0.07859907  0.34485111]\n",
      " [ 0.0903422   0.59255991  0.28626301  0.08691506  0.86746024]]\n",
      "det(A)=\n",
      "-0.0522950034168\n",
      "U=\n",
      "[[-0.22195134  0.38123577  0.2821388   0.62886946 -0.5747328 ]\n",
      " [-0.62938788 -0.3974559   0.2752458   0.35007317  0.49758239]\n",
      " [-0.43892982  0.7798185  -0.07328266 -0.30180573  0.32057242]\n",
      " [-0.40028873 -0.15996678 -0.86075788  0.12021676 -0.24253528]\n",
      " [-0.44913033 -0.2509618   0.31362871 -0.61354153 -0.51039587]]\n",
      "s=\n",
      "[ 2.2697135   1.18986648  0.50303113  0.34499963  0.11157771]\n",
      "V=\n",
      "[[-0.32817425 -0.57511711 -0.32819005 -0.28270221 -0.61148404]\n",
      " [ 0.4466991  -0.36403185 -0.18304138  0.78030699 -0.15986737]\n",
      " [-0.34993425 -0.64125615  0.45843302  0.10992279  0.49405741]\n",
      " [ 0.06014338  0.09753299  0.79712643  0.07764485 -0.58773363]\n",
      " [ 0.7527884  -0.34058625  0.11495984 -0.54137668  0.10491021]]\n",
      "S=\n",
      "[[ 2.2697135   0.          0.          0.          0.        ]\n",
      " [ 0.          1.18986648  0.          0.          0.        ]\n",
      " [ 0.          0.          0.50303113  0.          0.        ]\n",
      " [ 0.          0.          0.          0.34499963  0.        ]\n",
      " [ 0.          0.          0.          0.          0.11157771]]\n",
      "U*S*V=\n",
      "[[ 0.28306458  0.07658402  0.31293499  0.56354196  0.17140261]\n",
      " [ 0.25816116  0.89781386  0.72152207  0.02936669  0.95237452]\n",
      " [ 0.77498882  0.23648083  0.06133071  0.97417071  0.50758651]\n",
      " [ 0.34677553  0.88272498  0.16446759  0.07859907  0.34485111]\n",
      " [ 0.0903422   0.59255991  0.28626301  0.08691506  0.86746024]]\n",
      "B=trace(V)*int(S)*trace(U)=\n",
      "[[-3.78901144  3.16841288  2.51741526 -1.01876112 -3.79793127]\n",
      " [ 1.51206899 -1.4896829  -1.09779712  2.02196409  1.17528604]\n",
      " [ 1.09142856  1.72450546 -0.49031727 -0.6740805  -1.55409189]\n",
      " [ 3.26945418 -2.45759968 -1.073289    0.96069933  2.29826225]\n",
      " [-1.3260369   0.36477209  0.75706804 -1.14890876  1.02807189]]\n",
      "A*B=\n",
      "[[  1.00000000e+00  -2.90045765e-15  -1.66533454e-16  -1.38777878e-16\n",
      "    4.49640325e-15]\n",
      " [ -1.55431223e-15   1.00000000e+00   5.55111512e-16  -2.22044605e-16\n",
      "    3.10862447e-15]\n",
      " [ -1.11022302e-16   1.52655666e-15   1.00000000e+00  -3.33066907e-16\n",
      "   -1.33226763e-15]\n",
      " [  8.21565038e-15   2.96984659e-15  -3.88578059e-15   1.00000000e+00\n",
      "   -6.88338275e-15]\n",
      " [ -4.88498131e-15   8.32667268e-16   2.33146835e-15  -1.66533454e-15\n",
      "    1.00000000e+00]]\n"
     ]
    }
   ],
   "source": [
    "dim=5\n",
    "A=np.array(np.random.random((dim,dim)))\n",
    "print \"A=\\n\",A\n",
    "print \"det(A)=\\n\",nla.det(A)\n",
    "U,s,V = nla.svd(A)\n",
    "print \"U=\\n\",U\n",
    "print \"s=\\n\",s\n",
    "print \"V=\\n\",V\n",
    "S = np.zeros((dim,dim))\n",
    "n = dim\n",
    "S[:n,:n] = np.diag(s)\n",
    "print \"S=\\n\", S\n",
    "print \"U*S*V=\\n\",U.dot(S.dot(V)) \n",
    "Si=nla.inv(S)\n",
    "B=np.transpose(V).dot(nla.inv(S).dot(np.transpose(U)))\n",
    "print \"B=trace(V)*int(S)*trace(U)=\\n\",B \n",
    "print \"A*B=\\n\",A.dot(B)\n"
   ]
  },
  {
   "cell_type": "markdown",
   "metadata": {},
   "source": [
    "It works! However, the notations are a little bit verbose. <br>\n",
    "If we use **Matrix**, the expressions look much nicer as in **Matlabb**.\n"
   ]
  },
  {
   "cell_type": "code",
   "execution_count": 5,
   "metadata": {
    "collapsed": false
   },
   "outputs": [
    {
     "name": "stdout",
     "output_type": "stream",
     "text": [
      "A=\n",
      "[[ 0.90209161  0.92270369  0.93348519  0.96631161  0.84799384]\n",
      " [ 0.04841518  0.33279157  0.98168463  0.8309835   0.24577945]\n",
      " [ 0.35122186  0.5689889   0.86333213  0.84801062  0.68010074]\n",
      " [ 0.5096669   0.1171761   0.78663308  0.02154641  0.86219983]\n",
      " [ 0.4959465   0.58882113  0.13862643  0.16310025  0.25357923]]\n",
      "det(A)=\n",
      "-0.0405507831307\n",
      "U=\n",
      "[[-0.65961342  0.17763711 -0.367431    0.14642873  0.61392856]\n",
      " [-0.38958444 -0.70274856  0.19962793 -0.55954993  0.0376962 ]\n",
      " [-0.49705642 -0.21949875  0.02782508  0.59158976 -0.59498112]\n",
      " [-0.34447453  0.53211911  0.75572774 -0.1610885  -0.03335623]\n",
      " [-0.21772991  0.37849581 -0.50323405 -0.53808415 -0.51629018]]\n",
      "s=\n",
      "[ 3.06503104  0.8648584   0.73514367  0.18696213  0.11129957]\n",
      "V=\n",
      "[[-0.34975837 -0.38814155 -0.56393275 -0.46510898 -0.43894044]\n",
      " [ 0.58743219  0.10448328 -0.28039753 -0.60733514  0.4433147 ]\n",
      " [-0.23998898 -0.63188316  0.54645297 -0.31471909  0.3814053 ]\n",
      " [-0.1935245  -0.26853672 -0.55189942  0.46512568  0.60786629]\n",
      " [ 0.66147265 -0.60583915 -0.01238001  0.31532151 -0.30956734]]\n",
      "S=\n",
      "[[ 3.06503104  0.          0.          0.          0.        ]\n",
      " [ 0.          0.8648584   0.          0.          0.        ]\n",
      " [ 0.          0.          0.73514367  0.          0.        ]\n",
      " [ 0.          0.          0.          0.18696213  0.        ]\n",
      " [ 0.          0.          0.          0.          0.11129957]]\n",
      "U*S*V=\n",
      "[[ 0.90209161  0.92270369  0.93348519  0.96631161  0.84799384]\n",
      " [ 0.04841518  0.33279157  0.98168463  0.8309835   0.24577945]\n",
      " [ 0.35122186  0.5689889   0.86333213  0.84801062  0.68010074]\n",
      " [ 0.5096669   0.1171761   0.78663308  0.02154641  0.86219983]\n",
      " [ 0.4959465   0.58882113  0.13862643  0.16310025  0.25357923]]\n",
      "B=V.T*S.I*U.T=\n",
      "[[  3.81298947e+00   3.05189369e-01  -4.24988241e+00   1.22528852e-01\n",
      "   -2.06522050e+00]\n",
      " [ -3.13131615e+00   3.91346898e-01   2.40147324e+00  -1.28725469e-01\n",
      "    4.08903802e+00]\n",
      " [ -7.09887857e-01   2.09546806e+00  -1.49685157e+00   9.31846359e-01\n",
      "    1.18909432e+00]\n",
      " [  2.23625049e+00  -8.18103422e-01   3.78182154e-03  -1.14018998e+00\n",
      "   -2.81866156e+00]\n",
      " [ -1.23660549e+00  -2.12495834e+00   3.55140480e+00   2.83206372e-01\n",
      "   -3.49352710e-01]]\n",
      "A*B=\n",
      "[[  1.00000000e+00   8.88178420e-16  -3.10862447e-15  -9.99200722e-16\n",
      "   -2.10942375e-15]\n",
      " [ -1.88737914e-15   1.00000000e+00   3.33066907e-16   4.56579219e-15\n",
      "   -3.34454686e-15]\n",
      " [  4.44089210e-16   1.11022302e-15   1.00000000e+00   1.47104551e-15\n",
      "   -2.10942375e-15]\n",
      " [  3.55271368e-15  -1.33226763e-15  -1.33226763e-15   1.00000000e+00\n",
      "    2.77555756e-16]\n",
      " [  2.44249065e-15  -5.55111512e-16  -1.66533454e-15  -2.45636844e-15\n",
      "    1.00000000e+00]]\n"
     ]
    }
   ],
   "source": [
    "dim=5\n",
    "A=np.matrix(np.random.random((dim,dim)))\n",
    "print \"A=\\n\",A\n",
    "print \"det(A)=\\n\",nla.det(A)\n",
    "U,s,V = nla.svd(A)\n",
    "print \"U=\\n\",U\n",
    "print \"s=\\n\",s\n",
    "print \"V=\\n\",V\n",
    "S = np.matrix(np.zeros((dim,dim)))\n",
    "n = dim\n",
    "S[:n,:n] = np.diag(s)\n",
    "print \"S=\\n\", S\n",
    "print \"U*S*V=\\n\",U*S*V \n",
    "B=V.T*S.I*U.T \n",
    "print \"B=V.T*S.I*U.T=\\n\",B \n",
    "print \"A*B=\\n\",A*B\n"
   ]
  },
  {
   "cell_type": "markdown",
   "metadata": {},
   "source": [
    "Here the problem is the creation of **Matrix** variables that is often indirect. Let us make a tiny utility class called **tnp**."
   ]
  },
  {
   "cell_type": "code",
   "execution_count": 6,
   "metadata": {
    "collapsed": false
   },
   "outputs": [],
   "source": [
    "class tnp:\n",
    "    \"\"\"\n",
    "    A tiny utility class for TracyPy\n",
    "    \"\"\"\n",
    "    \n",
    "    def zeros(m, n):\n",
    "        \"\"\"Creates a (m, n) matrix filled with zeros.\"\"\"\n",
    "        return np.matrix(np.zeros((m,n)))\n",
    "\n",
    "    zeros = staticmethod(zeros)\n",
    "\n",
    "    def eye(n):\n",
    "        \"\"\"Creates a (n, n) unit matrix.\"\"\"\n",
    "        return np.asmatrix(np.eye(n))\n",
    "\n",
    "    eye = staticmethod(eye)\n",
    "\n",
    "    def randomat(m, n):\n",
    "        \"\"\"Creates a (m, n) matrix filled with random numbers between 0 and 1.\"\"\"\n",
    "        return np.matrix(np.random.random((n,m)))\n",
    "\n",
    "    randomat = staticmethod(randomat)\n",
    "\n",
    "    def colvec(param):\n",
    "        \"\"\"Creates a column vector by using matrix.\"\"\"\n",
    "        if type(param) == type(1):\n",
    "            if param <= 0:\n",
    "                raise Exception(\">> colvec(n), if n is int, n>0!\")\n",
    "            return np.asmatrix(np.zeros((param, 1), dtype=np.float))\n",
    "\n",
    "        if type(param) == type([]):\n",
    "            y=[]\n",
    "            for c in param:\n",
    "                y.append(c)\n",
    "        return np.matrix(y).T\n",
    "\n",
    "    colvec = staticmethod(colvec)\n",
    "    "
   ]
  },
  {
   "cell_type": "code",
   "execution_count": 7,
   "metadata": {
    "collapsed": false
   },
   "outputs": [
    {
     "name": "stdout",
     "output_type": "stream",
     "text": [
      "type(A)= <class 'numpy.matrixlib.defmatrix.matrix'>\n",
      "     A =\n",
      "[[ 0.  0.]\n",
      " [ 0.  0.]]\n",
      "type(B)= <class 'numpy.matrixlib.defmatrix.matrix'>\n",
      "     B =\n",
      "[[ 0.  0.]\n",
      " [ 0.  0.]]\n"
     ]
    }
   ],
   "source": [
    "# tnp.zeros example\n",
    "A=np.matrix(np.zeros((2,2)))\n",
    "print \"type(A)=\", type(A)\n",
    "print \"     A =\\n\",A\n",
    "B=tnp.zeros(2,2)\n",
    "print \"type(B)=\", type(B)\n",
    "print \"     B =\\n\",B"
   ]
  },
  {
   "cell_type": "code",
   "execution_count": 8,
   "metadata": {
    "collapsed": false
   },
   "outputs": [
    {
     "name": "stdout",
     "output_type": "stream",
     "text": [
      "A=type(np,eye(2))= <type 'numpy.ndarray'>\n",
      "[[ 1.  0.]\n",
      " [ 0.  1.]]\n",
      "B=type(tnp,eye(2))= <class 'numpy.matrixlib.defmatrix.matrix'>\n",
      "[[ 1.  0.]\n",
      " [ 0.  1.]]\n"
     ]
    }
   ],
   "source": [
    "# Unit array and matrix\n",
    "A=np.eye(2)\n",
    "print \"A=type(np,eye(2))=\", type(A)\n",
    "print A\n",
    "B=tnp.eye(2)\n",
    "print \"B=type(tnp,eye(2))=\",type(B)\n",
    "print B"
   ]
  },
  {
   "cell_type": "markdown",
   "metadata": {},
   "source": [
    "Up to now, **Matrix** looks better than **Array**. However, there is an issue of **Vector**. As **Matrix** is inherently a 2-dim matrix, a 1-dim array of **vector** is not directly supported. Therefore, a row vector of [1,2,3] is treated as a (1,3) **Matrix**. If it is a n-dim column vector, it becomes a (n, 1) **Matrix**.\n",
    "**tnp.colvec** is to create a column vector with given dimension, or a given list of element values. See the example below."
   ]
  },
  {
   "cell_type": "code",
   "execution_count": 9,
   "metadata": {
    "collapsed": false
   },
   "outputs": [
    {
     "name": "stdout",
     "output_type": "stream",
     "text": [
      "x=tnp.colvec(3)=\n",
      "[[ 0.]\n",
      " [ 0.]\n",
      " [ 0.]]\n",
      "y=tnp.colvec([1.2, 3.4, 5.6])=\n",
      "[[ 1.2]\n",
      " [ 3.4]\n",
      " [ 5.6]]\n"
     ]
    }
   ],
   "source": [
    "x=tnp.colvec(3)\n",
    "print \"x=tnp.colvec(3)=\\n\",x\n",
    "y=tnp.colvec([1.2, 3.4, 5.6])\n",
    "print \"y=tnp.colvec([1.2, 3.4, 5.6])=\\n\",y"
   ]
  },
  {
   "cell_type": "markdown",
   "metadata": {},
   "source": [
    "Here is an example of **Matrix** and **Vector** operation. "
   ]
  },
  {
   "cell_type": "code",
   "execution_count": 10,
   "metadata": {
    "collapsed": false
   },
   "outputs": [
    {
     "name": "stdout",
     "output_type": "stream",
     "text": [
      "A=\n",
      "[[ 1.   1.2 -1.3]\n",
      " [ 0.5 -2.3  0.8]\n",
      " [ 2.   1.  -0.7]]\n",
      "v=\n",
      "[[1]\n",
      " [2]\n",
      " [3]]\n",
      "u=A*v=\n",
      "[[-0.5]\n",
      " [-1.7]\n",
      " [ 1.9]]\n",
      "w=\n",
      "[[ 1.]\n",
      " [ 2.]\n",
      " [ 3.]]\n"
     ]
    }
   ],
   "source": [
    "A = np.mat( [[1.0, 1.2, -1.3], [0.5, -2.3, 0.8], [2.0, 1.0, -0.7]])\n",
    "print \"A=\\n\",A\n",
    "v = tnp.colvec([1,2,3])\n",
    "print \"v=\\n\",v\n",
    "u = A*v\n",
    "print \"u=A*v=\\n\",u\n",
    "B = A.I\n",
    "w = B*u\n",
    "print \"w=\\n\",w"
   ]
  },
  {
   "cell_type": "markdown",
   "metadata": {},
   "source": [
    "Although a **Vector** uses a ** Matrix** of 1 column or 1 row, its element access needs only one index. "
   ]
  },
  {
   "cell_type": "code",
   "execution_count": 11,
   "metadata": {
    "collapsed": false
   },
   "outputs": [
    {
     "name": "stdout",
     "output_type": "stream",
     "text": [
      "  x[0]= 1.100\n",
      "  x[1]= 2.200\n",
      "  x[2]= 3.300\n"
     ]
    }
   ],
   "source": [
    "x = tnp.colvec([1.1,2.2,3.3])\n",
    "for n in range(3):\n",
    "    print \"  x[%d]=%6.3f\" %(n, x[n])"
   ]
  },
  {
   "cell_type": "markdown",
   "metadata": {},
   "source": [
    "## Transfer Matrix"
   ]
  },
  {
   "cell_type": "markdown",
   "metadata": {},
   "source": [
    "Understanding the minimum of doing linear algebra in Python, let us work on the transfer matrices."
   ]
  },
  {
   "cell_type": "markdown",
   "metadata": {},
   "source": [
    "### Utility Functions"
   ]
  },
  {
   "cell_type": "markdown",
   "metadata": {},
   "source": [
    "Let us define a few utility routines so that we can handle the transfer matrices easily."
   ]
  },
  {
   "cell_type": "code",
   "execution_count": 12,
   "metadata": {
    "collapsed": false
   },
   "outputs": [],
   "source": [
    "def SetA33(A, a00, a01, a02, a10, a11, a12, a20, a21, a22):\n",
    "    A[0,0] = a00;    A[0,1] = a01;    A[0,2] = a02\n",
    "    A[1,0] = a10;    A[1,1] = a11;    A[1,2] = a12\n",
    "    A[2,0] = a20;    A[2,1] = a21;    A[2,2] = a22"
   ]
  },
  {
   "cell_type": "code",
   "execution_count": 13,
   "metadata": {
    "collapsed": false
   },
   "outputs": [
    {
     "name": "stdout",
     "output_type": "stream",
     "text": [
      "[[ 0.   0.1  0.2]\n",
      " [ 1.   1.1  1.2]\n",
      " [ 2.   2.1  2.2]]\n"
     ]
    }
   ],
   "source": [
    "# test\n",
    "A=np.eye(3)\n",
    "SetA33(A,0.0,0.1,0.2,1.0,1.1,1.2,2.0,2.1,2.2)\n",
    "print A"
   ]
  },
  {
   "cell_type": "code",
   "execution_count": 14,
   "metadata": {
    "collapsed": false
   },
   "outputs": [],
   "source": [
    "def UnitA(A):\n",
    "    A[:]=tnp.eye(A.shape[0])"
   ]
  },
  {
   "cell_type": "code",
   "execution_count": 15,
   "metadata": {
    "collapsed": false
   },
   "outputs": [
    {
     "name": "stdout",
     "output_type": "stream",
     "text": [
      "[[ 1.  0.  0.]\n",
      " [ 0.  1.  0.]\n",
      " [ 0.  0.  1.]]\n"
     ]
    }
   ],
   "source": [
    "#test\n",
    "A=np.eye(3)\n",
    "SetA33(A,0.0,0.1,0.2,1.0,1.1,1.2,2.0,2.1,2.2)\n",
    "UnitA(A)\n",
    "print A"
   ]
  },
  {
   "cell_type": "code",
   "execution_count": 16,
   "metadata": {
    "collapsed": false
   },
   "outputs": [],
   "source": [
    "def ClearA(A):\n",
    "    np.fill(A,0.0)"
   ]
  },
  {
   "cell_type": "code",
   "execution_count": 17,
   "metadata": {
    "collapsed": false
   },
   "outputs": [],
   "source": [
    "def SetA55(A, a00, a01, a04, a10, a11, a14, a22, a23, a24, a32, a33, a34):\n",
    "    UnitA(A)\n",
    "    A[0,0] = a00;    A[0,1] = a01;    A[0,4] = a04\n",
    "    A[1,0] = a10;    A[1,1] = a11;    A[1,4] = a14\n",
    "    A[2,2] = a22;    A[2,3] = a23;    A[2,4] = a24\n",
    "    A[3,2] = a32;    A[3,3] = a33;    A[3,4] = a34"
   ]
  },
  {
   "cell_type": "code",
   "execution_count": 18,
   "metadata": {
    "collapsed": false
   },
   "outputs": [],
   "source": [
    "def SetHVA55(A, AH, AV):\n",
    "    UnitA(A)\n",
    "    i = 0\n",
    "    while i < 2:\n",
    "        j = 0\n",
    "        while j < 2:\n",
    "            A[i,j] = AH[i,j]\n",
    "            A[i + 2,j + 2] = AV[i,j]\n",
    "            j += 1\n",
    "        i += 1\n",
    "    A[0,4] = AH[0,2]\n",
    "    A[1,4] = AH[1,2]\n",
    "    A[2,4] = AV[0,2]\n",
    "    A[3,4] = AV[1,2]"
   ]
  },
  {
   "cell_type": "code",
   "execution_count": 19,
   "metadata": {
    "collapsed": false
   },
   "outputs": [
    {
     "name": "stdout",
     "output_type": "stream",
     "text": [
      "[[ 0.   0.1  0.   0.   0.2]\n",
      " [ 1.   1.1  0.   0.   1.2]\n",
      " [ 0.   0.   0.  -0.1 -0.2]\n",
      " [ 0.   0.  -1.  -1.1 -1.2]\n",
      " [ 0.   0.   0.   0.   1. ]]\n"
     ]
    }
   ],
   "source": [
    "#test\n",
    "AH=tnp.eye(3)\n",
    "SetA33(AH,0.0,0.1,0.2,1.0,1.1,1.2,2.0,2.1,2.2)\n",
    "AV=tnp.eye(3)\n",
    "SetA33(AV,0.0,-0.1,-0.2,-1.0,-1.1,-1.2,-2.0,-2.1,-2.2)\n",
    "A=tnp.eye(5)\n",
    "SetHVA55(A,AH,AV)\n",
    "print A"
   ]
  },
  {
   "cell_type": "markdown",
   "metadata": {},
   "source": [
    "### Drift Transfer Matrix"
   ]
  },
  {
   "cell_type": "code",
   "execution_count": 20,
   "metadata": {
    "collapsed": false
   },
   "outputs": [],
   "source": [
    "def DriftMat(L, dP):\n",
    "    \n",
    "    \"\"\"Returns a 5x5 transfer matrix of a Drift space of length L [m] \n",
    "    for a particle with momentum deviation ofdP/P=dp.\"\"\"\n",
    "\n",
    "    A = tnp.eye(5)\n",
    "    L = L / (1.0 + dP)\n",
    "    SetA55(A, 1.0, L, 0.0, 0.0, 1.0, 0.0, 1.0, L, 0.0, 0.0, 1.0, 0.0)\n",
    "    return A"
   ]
  },
  {
   "cell_type": "code",
   "execution_count": 21,
   "metadata": {
    "collapsed": false
   },
   "outputs": [
    {
     "name": "stdout",
     "output_type": "stream",
     "text": [
      "[[ 1.   0.5  0.   0.   0. ]\n",
      " [ 0.   1.   0.   0.   0. ]\n",
      " [ 0.   0.   1.   0.5  0. ]\n",
      " [ 0.   0.   0.   1.   0. ]\n",
      " [ 0.   0.   0.   0.   1. ]]\n"
     ]
    }
   ],
   "source": [
    "A=DriftMat(0.5,0.0)\n",
    "print A"
   ]
  },
  {
   "cell_type": "markdown",
   "metadata": {},
   "source": [
    "Here is a comparison with Tracy# with the DriftMat(0.5 0.01). **Ao** is by Tracy#, and **A** is by this Python routine. "
   ]
  },
  {
   "cell_type": "code",
   "execution_count": 22,
   "metadata": {
    "collapsed": false
   },
   "outputs": [
    {
     "name": "stdout",
     "output_type": "stream",
     "text": [
      "[[  0.00000000e+00   4.95049507e-09   0.00000000e+00   0.00000000e+00\n",
      "    0.00000000e+00]\n",
      " [  0.00000000e+00   0.00000000e+00   0.00000000e+00   0.00000000e+00\n",
      "    0.00000000e+00]\n",
      " [  0.00000000e+00   0.00000000e+00   0.00000000e+00   4.95049507e-09\n",
      "    0.00000000e+00]\n",
      " [  0.00000000e+00   0.00000000e+00   0.00000000e+00   0.00000000e+00\n",
      "    0.00000000e+00]\n",
      " [  0.00000000e+00   0.00000000e+00   0.00000000e+00   0.00000000e+00\n",
      "    0.00000000e+00]]\n"
     ]
    }
   ],
   "source": [
    "#Drift, L=0.5, dP=0.01\n",
    "Ao=np.mat([  \n",
    "    [1.000000E+000,  4.950495E-001,  0.0,  0.000000E+000,  0.0],\n",
    "    [0.000000E+000,  1.000000E+000,  0.0,  0.000000E+000,  0.0],\n",
    "    [0.000000E+000,  0.000000E+000,  1.0,  4.950495E-001,  0.0],\n",
    "    [0.000000E+000,  0.000000E+000,  0.0,  1.000000E+000,  0.0],\n",
    "    [0.000000E+000,  0.000000E+000,  0.0,  0.000000E+000,  1.0]])\n",
    "A=DriftMat(0.5,0.01)\n",
    "diff=A-Ao\n",
    "print diff"
   ]
  },
  {
   "cell_type": "markdown",
   "metadata": {},
   "source": [
    "### Quad Transfer Matrix"
   ]
  },
  {
   "cell_type": "code",
   "execution_count": 23,
   "metadata": {
    "collapsed": false
   },
   "outputs": [],
   "source": [
    "def QuadMat(L, k0, dP):\n",
    "\n",
    "    \"\"\"Returns a 5x5 transfer matrix of a Quad of length L [m],\n",
    "    gradiend K [1/m] for a particle with momentum deviation ofdP/P=dp.\"\"\"\n",
    "\n",
    "    A = tnp.eye(5)\n",
    "    a = tnp.eye(3)\n",
    "    ah = np.eye(3)\n",
    "    av = np.eye(3)\n",
    "    k = np.abs(k0)\n",
    "    if k > 0.0:\n",
    "        sk0 = math.sqrt(k)\n",
    "        t = L * sk0 / math.sqrt(1.0 + dP)\n",
    "        c = np.cos(t)\n",
    "        s = np.sin(t)\n",
    "        sk = sk0 * math.sqrt(1.0 + dP)\n",
    "        SetA33(a, c, s / sk, 0.0, -sk * s, c, 0.0, 0.0, 0.0, 1.0)\n",
    "        if k0 > 0.0:\n",
    "            ah[:]=a  # copy a to ah\n",
    "        else:\n",
    "            av[:]=a  # copu a to av\n",
    "        c = math.cosh(t)\n",
    "        s = math.sinh(t)\n",
    "        sk = sk0 * math.sqrt(1.0 + dP)\n",
    "        SetA33(a, c, s / sk, 0.0, sk * s, c, 0.0, 0.0, 0, 1.0)\n",
    "        if k0 > 0.0:\n",
    "            av[:]=a \n",
    "        else:\n",
    "            ah[:]=a \n",
    "        SetHVA55(A, ah, av)\n",
    "        return A\n",
    "    else:\n",
    "        return DriftMat(L, dP)"
   ]
  },
  {
   "cell_type": "code",
   "execution_count": 24,
   "metadata": {
    "collapsed": false
   },
   "outputs": [
    {
     "name": "stdout",
     "output_type": "stream",
     "text": [
      "[[ 0.95041528  0.19668329  0.          0.          0.        ]\n",
      " [-0.49170823  0.95041528  0.          0.          0.        ]\n",
      " [ 0.          0.          1.05041806  0.20335004  0.        ]\n",
      " [ 0.          0.          0.5083751   1.05041806  0.        ]\n",
      " [ 0.          0.          0.          0.          1.        ]]\n"
     ]
    }
   ],
   "source": [
    "Q=QuadMat(0.2,2.5,0.0)\n",
    "print Q"
   ]
  },
  {
   "cell_type": "code",
   "execution_count": 25,
   "metadata": {
    "collapsed": false
   },
   "outputs": [
    {
     "name": "stdout",
     "output_type": "stream",
     "text": [
      "[[ -2.92781145e-08  -9.30167554e-09   0.00000000e+00   0.00000000e+00\n",
      "    0.00000000e+00]\n",
      " [  2.61005024e-08  -2.92781145e-08   0.00000000e+00   0.00000000e+00\n",
      "    0.00000000e+00]\n",
      " [  0.00000000e+00   0.00000000e+00  -2.86010554e-07   2.74797305e-08\n",
      "    0.00000000e+00]\n",
      " [  0.00000000e+00   0.00000000e+00   3.85804313e-08  -2.86010554e-07\n",
      "    0.00000000e+00]\n",
      " [  0.00000000e+00   0.00000000e+00   0.00000000e+00   0.00000000e+00\n",
      "    0.00000000e+00]]\n"
     ]
    }
   ],
   "source": [
    "#Quad, L=0.344, K=2.2639155, dP=0.01\n",
    "Ao= np.mat([\n",
    "    [ 8.702807E-001,3.257354E-001,0.000000E+000,0.000000E+000,0.0],\n",
    "    [-7.448118E-001,8.702807E-001,0.000000E+000,0.000000E+000,0.0],\n",
    "    [ 0.000000E+000,0.000000E+000,1.135583E+000,3.558521E-001,0.0],\n",
    "    [ 0.000000E+000,0.000000E+000,8.136753E-001,1.135583E+000,0.0],\n",
    "    [ 0.000000E+000,0.000000E+000,0.000000E+000,0.000000E+000,1.0]])\n",
    "A =QuadMat(0.344,2.2639155,0.01)\n",
    "diff=A-Ao\n",
    "print diff"
   ]
  },
  {
   "cell_type": "markdown",
   "metadata": {},
   "source": [
    "### Bend Transfer Matrix"
   ]
  },
  {
   "cell_type": "code",
   "execution_count": 26,
   "metadata": {
    "collapsed": false
   },
   "outputs": [],
   "source": [
    "def isZero(x):\n",
    "    if math.fabs(x) < 1.0E-20:\n",
    "        return True\n",
    "    return False"
   ]
  },
  {
   "cell_type": "code",
   "execution_count": 27,
   "metadata": {
    "collapsed": false
   },
   "outputs": [],
   "source": [
    "def BendMat(L, t, t1, t2, k, dP):\n",
    "    A = tnp.eye(5)\n",
    "    a = tnp.eye(3)\n",
    "    ah = tnp.eye(3)\n",
    "    av = tnp.eye(3)\n",
    "    if isZero(t):\n",
    "        A = QuadMat(L, k, dP)\n",
    "    else:\n",
    "        r = t * math.pi / 180.0\n",
    "        rho = L / r\n",
    "        coef = 1 + dP\n",
    "        scoef = math.sqrt(coef)\n",
    "        r = r / scoef\n",
    "        k = -k\n",
    "        if isZero(k): # No gradient\n",
    "            c = math.cos(r)\n",
    "            s = math.sin(r)\n",
    "            SetA33(ah, \n",
    "                   c, rho * s / scoef, rho * (1 - c), \n",
    "                   -s * scoef / rho, c, s * scoef, \n",
    "                   0.0, 0.0, 1.0)\n",
    "            SetA33(av, \n",
    "                   1.0, L / coef, 0.0, \n",
    "                   0.0, 1.0, 0.0, \n",
    "                   0.0, 0.0, 1.0)\n",
    "        else: # if (k != 0.0)\n",
    "            fk = k - 1.0 / rho / rho\n",
    "            afk = math.fabs(fk)\n",
    "            sk = math.sqrt(afk)\n",
    "            p = L * sk / scoef\n",
    "            if fk < 0.0: # horizontally focusing\n",
    "                c = math.cos(p)\n",
    "                s = math.sin(p)\n",
    "                SetA33(ah, c, s / sk / scoef, (1.0 - c) / (coef * rho * afk), \n",
    "                       -scoef * sk * s, c, scoef * s / (sk * rho), \n",
    "                       0.0, 0.0, 1.0)\n",
    "                sk = math.sqrt(math.fabs(k))\n",
    "                p = L * sk / scoef\n",
    "                c = math.cosh(p)\n",
    "                s = math.sinh(p)\n",
    "                SetA33(av, c, s / sk / scoef, 0.0, \n",
    "                       sk * s * scoef, c, \n",
    "                       0.0, 0.0, 0.0, 1.0)\n",
    "            else:\n",
    "                c = math.cosh(p)\n",
    "                s = math.sinh(p)\n",
    "                SetA33(ah, \n",
    "                       c, s / sk / scoef, (c - 1.0) / (rho * afk), \n",
    "                       scoef * s * sk, c,  scoef * s / (rho * sk), \n",
    "                       0.0, 0.0, 1.0)\n",
    "                sk = math.sqrt(math.fabs(k))\n",
    "                p = L * sk / scoef\n",
    "                c = math.cos(p)\n",
    "                s = math.sin(p)\n",
    "                SetA33(av, \n",
    "                       c, s / sk / scoef, 0.0, \n",
    "                       -sk * s * scoef, c, \n",
    "                       0.0, 0.0, 0.0, 1.0)\n",
    "        if not isZero(t1):\n",
    "            #print \"1.ah=\\n\",ah\n",
    "            r = t1 * math.pi / 180.0 / scoef\n",
    "            edge=tnp.eye(3)\n",
    "            k=math.tan(r) * scoef / rho\n",
    "            edge[1,0] = k\n",
    "            ah = ah*edge\n",
    "            edge=tnp.eye(3)\n",
    "            edge[1,0] = -k\n",
    "            av = av * edge\n",
    "        if not isZero(t2):\n",
    "            r = t2 * math.pi / 180.0 / scoef\n",
    "            edge=tnp.eye(3)\n",
    "            k=math.tan(r) * scoef / rho\n",
    "            edge[1,0] = k\n",
    "            ah = edge * ah\n",
    "            edge=tnp.eye(3)\n",
    "            edge[1,0] = -k\n",
    "            av = edge * av\n",
    "        SetHVA55(A, ah, av)\n",
    "    return A\n"
   ]
  },
  {
   "cell_type": "code",
   "execution_count": 28,
   "metadata": {
    "collapsed": false
   },
   "outputs": [
    {
     "name": "stdout",
     "output_type": "stream",
     "text": [
      "[[ 0.96592583  1.03804673  0.          0.          0.13666144]\n",
      " [-0.06453206  0.96592583  0.          0.          0.25881905]\n",
      " [ 0.          0.          1.          1.05        0.        ]\n",
      " [ 0.          0.          0.          1.          0.        ]\n",
      " [ 0.          0.          0.          0.          1.        ]]\n"
     ]
    }
   ],
   "source": [
    "B=BendMat(1.05,15.0,0.0,0.0,0.0, 0.0)\n",
    "print B"
   ]
  },
  {
   "cell_type": "code",
   "execution_count": 29,
   "metadata": {
    "collapsed": false
   },
   "outputs": [
    {
     "name": "stdout",
     "output_type": "stream",
     "text": [
      "[[ -4.41907138e-08  -2.21421138e-08   0.00000000e+00   0.00000000e+00\n",
      "    2.01944345e-09]\n",
      " [ -4.80481773e-08  -4.41907138e-08   0.00000000e+00   0.00000000e+00\n",
      "   -3.26163634e-08]\n",
      " [  0.00000000e+00   0.00000000e+00   2.06103770e-08  -1.82802595e-08\n",
      "    0.00000000e+00]\n",
      " [  0.00000000e+00   0.00000000e+00   4.31136442e-08   2.06103770e-08\n",
      "    0.00000000e+00]\n",
      " [  0.00000000e+00   0.00000000e+00   0.00000000e+00   0.00000000e+00\n",
      "    0.00000000e+00]]\n"
     ]
    }
   ],
   "source": [
    "#Bend, L=0.86514,T=10.0,T1=T2=5.0, K=-7.782E-001, dP=0.01\n",
    "Ao=np.mat([\n",
    "    [1.302473E+0, 9.367583E-1, 0.000000E+0, 0.000000E+0, 7.821727E-2],\n",
    "    [7.434531E-1, 1.302473E+0, 0.000000E+0, 0.000000E+0, 1.922515E-1],\n",
    "    [0.000000E+0, 0.000000E+0, 7.115420E-1, 7.765862E-1, 0.000000E+0],\n",
    "    [0.000000E+0, 0.000000E+0,-6.357414E-1, 7.115420E-1, 0.000000E+0],\n",
    "    [0.000000E+0, 0.000000E+0, 0.000000E+0, 0.000000E+0, 1.000000E+0] ])\n",
    "A=BendMat(0.86514,10.0,5.0,5.0,-7.782E-1, 0.01)\n",
    "diff=A-Ao\n",
    "print diff"
   ]
  },
  {
   "cell_type": "markdown",
   "metadata": {},
   "source": [
    "## Object-Oriented Approach"
   ]
  },
  {
   "cell_type": "markdown",
   "metadata": {},
   "source": [
    "**TracyPy** is a subset of the full **Tracy** that is fully object-oriented in C++, or in C#. These classes are rewritten in Python as you will see below. Here is the brief description of major classes.\n",
    "\n",
    "**Element** is a class for magnets, monitors, cavities and all other parts that are used to build a beam line. Take that they are the beam line building blocks stored in the warehouse. \n",
    "\n",
    "When a beam line is built, we take **Element** objects from the warehouse and locate them to form a line. When am **Element** object is added to a beam line, it is located on a frame. This frame is called **Belement**. A **Belement** is to hold one **Element**. \n",
    "\n",
    "A beam line is represented by the class **BeamLine** that is a series of **Belement**. A special version of **BeamLime** with a cyclic boundary condition is called **Ring**."
   ]
  },
  {
   "cell_type": "markdown",
   "metadata": {},
   "source": [
    "### Component Classes"
   ]
  },
  {
   "cell_type": "markdown",
   "metadata": {},
   "source": [
    "**Element** is a root class for beam line components, including magnets, beam monitors, cavities and markers. There are various derived classes, such as **Drift**, **Quad** and **Bend**, to cover various beam line components."
   ]
  },
  {
   "cell_type": "markdown",
   "metadata": {},
   "source": [
    "#### Element Class"
   ]
  },
  {
   "cell_type": "code",
   "execution_count": 30,
   "metadata": {
    "collapsed": false
   },
   "outputs": [],
   "source": [
    "class Element:\n",
    "    \n",
    "    def __init__( self, Name=\"\"):\n",
    "        self.Name=Name\n",
    "        self.L=0\n",
    "\n",
    "    def Pass(self,v):\n",
    "        pass\n",
    "\n",
    "    def SetK(self,K):\n",
    "        pass\n",
    "    \n",
    "    def SetdP(self,dp):\n",
    "        pass\n",
    "    \n",
    "    def SetL(self,L):\n",
    "        self.L=L\n",
    "\n",
    "    def GetA(self):\n",
    "        return None\n",
    "    \n",
    "    def IsThick(self):\n",
    "        return False\n",
    "\n",
    "    def IsBend(self):\n",
    "        return False\n",
    "\n",
    "    def PassL(self,v,vo):\n",
    "        pass\n",
    "\n",
    "    def PassM(self,M,vo):\n",
    "        pass\n"
   ]
  },
  {
   "cell_type": "markdown",
   "metadata": {},
   "source": [
    "#### Marker Class"
   ]
  },
  {
   "cell_type": "code",
   "execution_count": 31,
   "metadata": {
    "collapsed": false
   },
   "outputs": [],
   "source": [
    "class Marker(Element):\n",
    "    \n",
    "    def __init__(self):\n",
    "        Element.__init__()\n",
    "        self.A=None\n",
    "        \n",
    "    def __init__(self,Name):\n",
    "        Element.__init__(self,Name)\n",
    "\n",
    "    def SetL(self,L):\n",
    "        pass\n",
    "\n"
   ]
  },
  {
   "cell_type": "markdown",
   "metadata": {},
   "source": [
    "#### Drift Class"
   ]
  },
  {
   "cell_type": "code",
   "execution_count": 32,
   "metadata": {
    "collapsed": false
   },
   "outputs": [
    {
     "name": "stdout",
     "output_type": "stream",
     "text": [
      "[[ 1.   0.5  0.   0.   0. ]\n",
      " [ 0.   1.   0.   0.   0. ]\n",
      " [ 0.   0.   1.   0.5  0. ]\n",
      " [ 0.   0.   0.   1.   0. ]\n",
      " [ 0.   0.   0.   0.   1. ]]\n"
     ]
    }
   ],
   "source": [
    "class Drift(Element):\n",
    "    \n",
    "    def __init__(self,Name=\"\",L=0.0):\n",
    "        Element.__init__(self,Name)\n",
    "        self.L=L;\n",
    "        self.A=DriftMat(self.L, 0.0)\n",
    "    \n",
    "    def Pass(self,v):\n",
    "        v[:]=self.A*v\n",
    "\n",
    "    def PassL(self,v,vo):\n",
    "        v[:]=self.A*v\n",
    "    \n",
    "    def PassM(self,M,vo):\n",
    "        M[:]=self.A*M\n",
    "    \n",
    "    def SetdP(self,dp):\n",
    "        self.A=DriftMat(self.L,dp)\n",
    "    \n",
    "    def SetL(self,L):\n",
    "        self.L=L\n",
    "        self.A=DriftMat(L,0.0)\n",
    " \n",
    "    def GetA(self):\n",
    "        return self.A\n",
    "\n",
    "    def IsThick(self):\n",
    "        return True\n",
    "\n",
    "D = Drift(\"D\",0.5)\n",
    "print D.GetA()"
   ]
  },
  {
   "cell_type": "markdown",
   "metadata": {},
   "source": [
    "#### Quad Class"
   ]
  },
  {
   "cell_type": "code",
   "execution_count": 33,
   "metadata": {
    "collapsed": false
   },
   "outputs": [
    {
     "name": "stdout",
     "output_type": "stream",
     "text": [
      "[[ 0.88959362  0.28887589  0.          0.          0.        ]\n",
      " [-0.72218972  0.88959362  0.          0.          0.        ]\n",
      " [ 0.          0.          1.11462526  0.31137724  0.        ]\n",
      " [ 0.          0.          0.77844311  1.11462526  0.        ]\n",
      " [ 0.          0.          0.          0.          1.        ]]\n"
     ]
    }
   ],
   "source": [
    "class Quad(Element):\n",
    "           \n",
    "    def __init__(self,Name=\"\",L=0.0,K=0.0):\n",
    "        Element.__init__(self,Name)\n",
    "        self.L=L;\n",
